+527757712111
+524411112143
+524422709567
+524427501752
+524425081138
+524427561097
+524426040108
+524461380515
+527223766880
+524421090280
+524271025525
+524427488398
+524421948996
+524423220235
+524426207212
+524444145391
+524427825376
+524428019706
+524425516570
+525581699274
+524271800096
+524422333558
+524421374051
+524421019000
+524421540093
+524421784678
+527731167270
+524424612447
+524423891239
+524611493299
+524424571914
+524422379084
+524424251677
+524425537373
+524424451388
+524422491147
+524428500510
+524423944415
+524424327828
+524426675331
+524424312182
+524423589819
+524422260651
+524424967413
+524631019294
+524421145123
+524421143007
+524425505413
+524422022879
+524426583212
+527731142634
+524441752026
+524421212739
+527471174525
+525516486463
+524428126740
+522281032102
+524422718605
+524121899297
+524426687592
+524421160492
+524613548702
+524422720629
+522461429472
+524423189732
+524424613866
+524422571647
+524423426192
+524426385855
+524423172607
+524427485830
+524425977740
+524421287022
+524422261640
+524428774793
+524426381874
+524428250436
+524411362429
+524611246479
+524424227511
+524424652583
+524428202861
+524422360589
+524426610048
+524421970782
+524461060173
+525529166592
+525533348646
+524481138105
+529513106462
+524481020749
+524171068319
+524421704828
+525540055982
+523221441739
+524422117092
+524112100809
+524427150536
+524424795960